5

1
12
0.75      0.1974269 0.5850651
0.8350651 0.25      0.5525731
0.8350651 0.25      0.4474269
0.6649349 0.25      0.4474269
0.6649349 0.25      0.5525731
0.6974269 0.3350651 0.5
0.8025731 0.3350651 0.5
0.8025731 0.1649349 0.5
0.6974269 0.1649349 0.5
0.75      0.1974269 0.4149349
0.75      0.3025731 0.4149349
0.75      0.3025731 0.5850651
0 0 255
0 0 255
0 0 255
0 0 255
0 0 255
0 0 255
0 0 255
0 0 255
0 0 255
0 0 255
0 0 255
0 0 255
20
2 3 7
2 8 3
4 5 6
5 4 9
7 6 12
6 7 11
10 11 3
11 10 4
8 9 10
9 8 1
12 1 2
1 12 5
7 3 11
2 7 12
4 6 11
6 5 12
3 8 10
8 2 1
4 10 9
5 9 1
1
1
1
1
1
1
1
1
1
1
1
1
1
1
1
1
1
1
1
1
1.3
50 50 50
50 50 50

1
8
0.375 0.375 0.625
0.625 0.375 0.625
0.375 0.625 0.625
0.625 0.625 0.625
0.375 0.625 0.375
0.625 0.625 0.375
0.375 0.375 0.375
0.625 0.375 0.375
0 0 255
0 0 255
0 0 255
0 0 255
0 0 255
0 0 255
0 0 255
0 0 255
12
1 2 3
3 2 4
3 4 5
5 4 6
5 6 7
7 6 8
7 8 1
1 8 2
2 8 4
4 8 6
7 1 5
5 1 3
1
1
1
1
1
1
1
1
1
1
1
1
1.3
50 50 50
50 50 50

1
8
0.77 0.77 0.72
0.72 0.77 0.72
0.77 0.72 0.72
0.72 0.72 0.72
0.77 0.72 0.77
0.72 0.72 0.77
0.77 0.77 0.77
0.72 0.77 0.77
0 0 255
0 0 255
0 0 255
0 0 255
0 0 255
0 0 255
0 0 255
0 0 255
12
2 1 3
2 3 4
4 3 5
4 5 6
6 5 7
6 7 8
8 7 1
8 1 2
8 2 4
8 4 6
1 7 5
1 5 3
1
1
1
1
1
1
1
1
1
1
1
1
1.3
50 50 50
50 50 50

0
0.3 0.7 0.4
0.1
20 255 20
1
1.3
50 50 50
50 50 50

0
0.5 0.5 0.5
0.1
255 20 20
1
1.3
50 50 50
50 50 50

